b'38        23.64   23.64   22.54   25.94    25.00    1.25   2.86  -4.28  116.85  24.00'
b'38        23.64   23.64   22.54   25.94    25.00    1.28   2.89  -3.97  110.30  24.00'
b'39        23.64   23.64   22.54   25.94    25.00    1.34   2.95  -3.58  102.12  23.00'
b'39        23.64   23.64   22.54   25.94    25.00    1.36   2.97  -3.17  93.40  22.00'
b'39        23.62   23.64   22.54   25.92    25.00    1.36   2.98  -2.89  87.40  22.00'
b'40        23.64   23.64   22.54   25.94    25.00    1.36   2.98  -2.54  79.49  22.00'
b'40        23.64   23.64   22.54   25.94    25.00    1.36   2.98  -2.24  72.91  22.00'
b'40        23.64   23.65   22.54   25.94    25.00    1.36   2.97  -1.97  67.09  22.00'
b'40        23.64   23.64   22.54   25.94    25.00    1.36   2.97  -1.74  62.02  23.00'
b'41        23.62   23.65   22.54   25.94    25.00    1.37   2.98  -1.62  59.45  23.00'
